dt=0.5
0.0
5.0
7.5
8.75
9.375
9.6875
9.84375
9.921875
9.9609375
9.98046875
9.990234375
9.9951171875
9.99755859375
9.99877929688
9.99938964844
9.99969482422
9.99984741211
9.99992370605
9.99996185303
9.99998092651
[Finished in 0.5s]
dt=0.1
0.0
1.0
1.9
2.71
3.439
4.0951
4.68559
5.217031
5.6953279
6.12579511
6.513215599
6.8618940391
7.17570463519
7.45813417167
7.7123207545
7.94108867905
8.14697981115
8.33228183003
8.49905364703
8.64914828233
8.78423345409
8.90581010868
9.01522909782
9.11370618803
9.20233556923
9.28210201231
9.35389181108
9.41850262997
9.47665236697
9.52898713028
9.57608841725
9.61847957552
9.65663161797
9.69096845617
9.72187161056
9.7496844495
9.77471600455
9.7972444041
9.81751996369
9.83576796732
9.85219117059
9.86697205353
9.88027484817
9.89224736336
9.90302262702
9.91272036432
9.92144832789
9.9293034951
9.93637314559
9.94273583103
9.94846224793
9.95361602313
9.95825442082
9.96242897874
9.96618608086
9.96956747278
9.9726107255
9.97534965295
9.97781468766
9.98003321889
9.982029897
9.9838269073
9.98544421657
9.98689979491
9.98820981542
9.98938883388
9.99044995049
9.99140495544
9.9922644599
9.99303801391
9.99373421252
9.99436079127
9.99492471214
9.99543224093
9.99588901683
9.99630011515
9.99667010363
9.99700309327
9.99730278394
9.99757250555
9.99781525499
9.9980337295
9.99823035655
9.99840732089
9.9985665888
9.99870992992
9.99883893693
9.99895504324
9.99905953891
9.99915358502
9.99923822652
9.99931440387
9.99938296348
9.99944466713
9.99950020042
9.99955018038
9.99959516234
9.99963564611
9.9996720815
9.99970487335
[Finished in 3.9s]
