Na：
200.0
160.0
136.0
121.6
112.96
107.776
104.6656
102.79936
101.679616
101.0077696
100.60466176
100.362797056
100.217678234
100.13060694
100.078364164
100.047018498
100.028211099
100.016926659
100.010155996
100.006093597
100.003656158
100.002193695
100.001316217
100.00078973
100.000473838
[Finished in 1.8s]

Nb：
0.0
40.0
64.0
78.4
87.04
92.224
95.3344
97.20064
98.320384
98.9922304
99.39533824
99.637202944
99.7823217664
99.8693930598
99.9216358359
99.9529815015
99.9717889009
99.9830733406
99.9898440043
99.9939064026
99.9963438416
99.9978063049
99.998683783
99.9992102698
99.9995261619
